     0/299     2.63G   0.08756   0.01526         0    0.1028        13       640     0.232    0.5714    0.2915   0.07335   0.06259   0.01236         0
     1/299     2.81G   0.06555   0.01228         0   0.07783        14       640    0.2293    0.5263    0.2651   0.07563   0.06597   0.01204         0
     2/299     2.81G   0.06501   0.01233         0   0.07733        17       640    0.2801     0.406    0.2521   0.06847   0.06861   0.01242         0
     3/299     2.81G   0.06234   0.01203         0   0.07437        18       640    0.1833    0.6842    0.3907    0.1085   0.06101   0.01215         0
     4/299     2.81G   0.05993    0.0116         0   0.07153        14       640    0.2445    0.5414    0.3209   0.08942   0.06453   0.01185         0
     5/299     2.81G   0.05735   0.01142         0   0.06877        14       640    0.2945    0.6391    0.4641    0.1533    0.0575   0.01039         0
     6/299     2.81G   0.05682   0.01117         0   0.06799        13       640    0.2845     0.703    0.5279    0.1574   0.05616   0.01066         0
     7/299     2.81G   0.05493   0.01096         0    0.0659        16       640    0.3278    0.7256      0.56    0.1891   0.05432   0.01004         0
     8/299     2.81G   0.05426   0.01089         0   0.06515        16       640    0.2922    0.7556     0.552    0.1873   0.05508  0.009824         0
     9/299     2.81G   0.05295   0.01078         0   0.06373        22       640     0.349    0.7406    0.6137    0.2039   0.05294  0.009463         0
    10/299     2.81G    0.0527   0.01066         0   0.06335        14       640    0.2847    0.7857    0.6384    0.2178   0.05156   0.01006         0
    11/299     2.81G   0.05178   0.01061         0    0.0624        19       640    0.2731    0.7519     0.595    0.2043   0.05258   0.01023         0
    12/299     2.81G   0.05132   0.01038         0    0.0617        16       640    0.3282    0.7669    0.5611     0.191   0.05054  0.009706         0
    13/299     2.81G    0.0507   0.01006         0   0.06076        15       640    0.2873     0.797    0.6279    0.2279   0.04986  0.009969         0
    14/299     2.81G   0.05072   0.01022         0   0.06093        16       640    0.3539    0.7368    0.5998    0.1991   0.05086  0.009852         0
    15/299     2.81G   0.04979  0.009827         0   0.05961         7       640    0.2798    0.7594     0.621    0.2315    0.0495   0.01019         0
    16/299     2.81G   0.04959  0.009962         0   0.05955         7       640    0.3741    0.7519    0.6481    0.2314   0.05165  0.009139         0
    17/299     2.81G   0.04909  0.009863         0   0.05895        16       640    0.3427    0.7632    0.6425    0.2343   0.04919  0.009211         0
    18/299     2.81G   0.04901  0.009756         0   0.05877        19       640    0.3514    0.7744    0.6662    0.2523   0.04897  0.009382         0
    19/299     2.81G   0.04828  0.009899         0   0.05818        21       640    0.4137    0.8045    0.7218    0.2561   0.04915  0.008984         0
    20/299     2.81G   0.04819  0.009694         0   0.05788        14       640     0.362    0.7707    0.6557    0.2384   0.04958  0.009061         0
    21/299     2.81G   0.04764  0.009533         0   0.05717        12       640    0.4072     0.782    0.6721    0.2433   0.04854  0.008867         0
    22/299     2.81G   0.04752   0.00962         0   0.05714        24       640       0.4    0.7594    0.6478    0.2435    0.0488  0.009083         0
    23/299     2.81G   0.04771   0.00963         0   0.05734        27       640    0.3964    0.7406    0.6645    0.2681   0.04944  0.009296         0
    24/299     2.81G   0.04706  0.009498         0   0.05655        13       640    0.3819    0.7218    0.6184    0.2345   0.04987  0.009567         0
    25/299     2.81G   0.04709  0.009568         0   0.05666         9       640    0.3678    0.7707    0.6462    0.2437   0.04872  0.008902         0
    26/299     2.81G   0.04694  0.009345         0   0.05629        11       640    0.3561    0.7895     0.689    0.2844   0.04718  0.008919         0
    27/299     2.81G   0.04671  0.009414         0   0.05613        13       640    0.3999    0.7368    0.6468    0.2692   0.04825  0.008729         0
    28/299     2.81G   0.04628  0.009281         0   0.05556        15       640    0.4263    0.7444     0.662    0.2411   0.04898  0.009169         0
    29/299     2.81G    0.0461   0.00948         0   0.05558        16       640    0.4575     0.797    0.7232    0.2857   0.04648  0.008526         0
    30/299     2.81G   0.04574  0.009268         0     0.055        16       640    0.3879    0.8054    0.6712    0.2545   0.04641  0.009005         0
    31/299     2.81G   0.04543  0.009247         0   0.05468        19       640    0.4355    0.7895     0.702    0.2651    0.0465  0.008706         0
    32/299     2.81G   0.04534  0.009255         0   0.05459        15       640    0.4216    0.8083    0.7018    0.2898   0.04658  0.008703         0
    33/299     2.81G   0.04509  0.009263         0   0.05436        14       640    0.4425    0.7669    0.6745     0.256     0.047  0.009084         0
    34/299     2.81G   0.04547  0.009362         0   0.05483        13       640    0.4128     0.812    0.7177    0.2827   0.04708   0.00859         0
    35/299     2.81G   0.04501  0.009269         0   0.05428        17       640    0.4141     0.797    0.7092    0.2721   0.04722  0.008822         0
    36/299     2.81G   0.04466  0.009158         0   0.05382        13       640    0.4153    0.7782    0.6761    0.2785   0.04659  0.008801         0
    37/299     2.81G   0.04519  0.009116         0   0.05431        16       640    0.4207    0.7932    0.6937    0.2774   0.04666  0.008715         0
    38/299     2.81G   0.04453  0.008938         0   0.05346        14       640     0.413    0.8083    0.7081    0.2853   0.04671  0.008576         0
    39/299     2.81G   0.04442  0.008994         0   0.05341        12       640    0.4386     0.782    0.7093    0.2947   0.04599  0.008783         0
    40/299     2.81G   0.04413  0.009072         0    0.0532        18       640    0.4401    0.7895    0.7176    0.2756   0.04612  0.008383         0
    41/299     2.81G   0.04376   0.00894         0    0.0527        16       640    0.4218    0.8233    0.7375    0.2729   0.04534  0.008578         0
    42/299     2.81G   0.04352   0.00899         0   0.05251        20       640     0.435    0.8008    0.7155    0.2916   0.04527   0.00856         0
    43/299     2.81G   0.04405  0.008909         0   0.05296        19       640    0.4081    0.7857    0.6998    0.2782   0.04678  0.008483         0
    44/299     2.81G   0.04387   0.00896         0   0.05283        15       640    0.4825    0.8233    0.7273    0.2875   0.04505  0.008283         0
    45/299     2.81G   0.04368  0.008823         0    0.0525        13       640    0.4596    0.8383    0.7628    0.2994   0.04558   0.00841         0
    46/299     2.81G   0.04384  0.008875         0   0.05272        17       640    0.4272    0.8158    0.7098    0.2837    0.0461  0.008662         0
    47/299     2.81G   0.04296  0.008891         0   0.05185        22       640    0.4108    0.7857    0.7204    0.3058   0.04506  0.008546         0
    48/299     2.81G    0.0433    0.0089         0    0.0522        20       640    0.4501     0.812    0.7434    0.2956   0.04549  0.008452         0
    49/299     2.81G   0.04291  0.008967         0   0.05188        12       640      0.46    0.8008    0.7225    0.2898    0.0456  0.008434         0
    50/299     2.81G   0.04308  0.008805         0   0.05188        14       640    0.4459    0.8421    0.7466    0.3192   0.04474  0.008413         0
    51/299     2.81G    0.0427   0.00855         0   0.05125        17       640    0.4861    0.8308    0.7474    0.3131   0.04497  0.008369         0
    52/299     2.81G   0.04301  0.008772         0   0.05178        15       640    0.4352    0.8271    0.7465    0.3077   0.04473   0.00843         0
    53/299     2.81G   0.04256  0.008712         0   0.05127        19       640    0.4647    0.8233    0.7285    0.3133   0.04359  0.008388         0
    54/299     2.81G   0.04243  0.008637         0   0.05107        19       640    0.4092    0.7932    0.7165     0.317   0.04453  0.008495         0
    55/299     2.81G   0.04222   0.00858         0    0.0508        12       640    0.4573    0.8195     0.703    0.2811   0.04552  0.008476         0
    56/299     2.81G   0.04238  0.008679         0   0.05106        12       640    0.4659     0.812    0.7275     0.298   0.04538  0.008485         0
    57/299     2.81G   0.04218  0.008778         0   0.05096        11       640    0.4751    0.8083    0.7315    0.2979   0.04513  0.008245         0
    58/299     2.81G   0.04224  0.008636         0   0.05087        17       640    0.4647    0.8271    0.7496     0.305   0.04478  0.008368         0
    59/299     2.81G   0.04173  0.008754         0   0.05049        12       640    0.4909    0.8233    0.7379    0.3096   0.04469  0.008261         0
    60/299     2.81G   0.04187  0.008599         0   0.05047        12       640    0.4839    0.8233    0.7415    0.3109   0.04443  0.008104         0
    61/299     2.81G   0.04215  0.008711         0   0.05086        10       640    0.4587    0.8271    0.7336    0.2962   0.04456  0.008371         0
    62/299     2.81G   0.04206  0.008715         0   0.05078        21       640    0.4527    0.8195    0.7396     0.312   0.04388   0.00825         0
    63/299     2.81G   0.04144  0.008698         0   0.05014        14       640    0.5121    0.8008    0.7168    0.2988   0.04473  0.008414         0
    64/299     2.81G   0.04152  0.008574         0   0.05009         9       640    0.4606    0.7857    0.7142    0.3062   0.04555   0.00829         0
    65/299     2.81G   0.04169  0.008576         0   0.05027        14       640    0.4767    0.8195    0.7338    0.3081   0.04442  0.008206         0
    66/299     2.81G   0.04138  0.008521         0    0.0499        22       640    0.4876    0.8195    0.7387    0.3046   0.04527  0.008511         0
    67/299     2.81G   0.04138  0.008414         0   0.04979        13       640    0.5106     0.812    0.7448     0.306   0.04434  0.008152         0
    68/299     2.81G   0.04064  0.008455         0    0.0491        16       640    0.4658    0.8083    0.7136    0.3002   0.04416  0.008389         0
    69/299     2.81G   0.04131  0.008546         0   0.04985        13       640     0.516    0.8008    0.7008     0.294   0.04503  0.008382         0
    70/299     2.81G   0.04063  0.008416         0   0.04905        15       640    0.4907    0.8271    0.7536    0.3155   0.04372  0.008187         0
    71/299     2.81G   0.04013  0.008392         0   0.04852         9       640    0.5265    0.7932    0.7381    0.3192   0.04423  0.008199         0
    72/299     2.81G   0.04072  0.008464         0   0.04918        13       640    0.5191     0.812    0.7404    0.2975   0.04433  0.008377         0
    73/299     2.81G    0.0407  0.008409         0   0.04911        13       640    0.4929    0.8045    0.7501    0.3041   0.04504  0.008144         0
    74/299     2.81G   0.04043  0.008282         0   0.04871        16       640    0.4976    0.8045    0.7234    0.3106   0.04476  0.008223         0
    75/299     2.81G   0.04026  0.008386         0   0.04865        11       640    0.4793    0.8008    0.7188    0.3041   0.04466  0.008169         0
    76/299     2.81G   0.04082  0.008408         0   0.04923        14       640    0.4437    0.7857    0.7241    0.3042   0.04464  0.008298         0
    77/299     2.81G   0.04036  0.008442         0    0.0488        11       640     0.508    0.8008    0.7325    0.3088   0.04432   0.00816         0
    78/299     2.81G   0.04003  0.008361         0   0.04839        19       640    0.4916     0.812    0.7095    0.3021   0.04438  0.008375         0
    79/299     2.81G   0.04003  0.008296         0   0.04832        15       640    0.5099    0.8271     0.758    0.3315   0.04325  0.008087         0
    80/299     2.81G   0.04043   0.00835         0   0.04878        12       640    0.5437    0.8158     0.774    0.3162    0.0445  0.008078         0
    81/299     2.81G   0.04018  0.008319         0    0.0485        13       640    0.5364    0.8195    0.7659    0.3148   0.04352   0.00822         0
    82/299     2.81G   0.04011  0.008334         0   0.04845        15       640    0.5164    0.8083    0.7337    0.3277   0.04287   0.00791         0
    83/299     2.81G   0.03968  0.008416         0   0.04809        15       640    0.5184    0.8195     0.764    0.3249   0.04317  0.007779         0
    84/299     2.81G      0.04   0.00828         0   0.04828        13       640    0.5176    0.8271    0.7555    0.3168   0.04386  0.008056         0
    85/299     2.81G   0.03992  0.008291         0   0.04821        20       640    0.4946    0.8271    0.7533    0.3207   0.04395  0.008073         0
    86/299     2.81G   0.03962   0.00814         0   0.04776        14       640    0.5008    0.7932    0.7396    0.3208   0.04376  0.007988         0
    87/299     2.81G   0.03949  0.008211         0    0.0477        19       640    0.5561    0.8459    0.8006    0.3386   0.04266  0.007877         0
    88/299     2.81G   0.03932   0.00815         0   0.04747        21       640    0.5378    0.8496    0.8054    0.3525   0.04207  0.007785         0
    89/299     2.81G   0.03961  0.008326         0   0.04793        16       640    0.4832    0.8154    0.7422    0.3297   0.04263  0.008031         0
    90/299     2.81G   0.03933  0.008126         0   0.04745        15       640    0.5334    0.8233    0.7502    0.3271   0.04275  0.007896         0
    91/299     2.81G   0.03882  0.008216         0   0.04704        18       640     0.543     0.812    0.7509      0.33   0.04273  0.007973         0
    92/299     2.81G   0.03887  0.008092         0   0.04696        12       640    0.5247    0.8045    0.7458    0.3243   0.04312  0.007867         0
    93/299     2.81G   0.03881  0.008297         0   0.04711        13       640    0.5086    0.8045    0.7502    0.3299   0.04387  0.008013         0
    94/299     2.81G   0.03879  0.008186         0   0.04697         8       640    0.5254    0.8158    0.7408    0.3255   0.04345  0.007958         0
    95/299     2.81G   0.03897  0.008284         0   0.04725        14       640    0.5425    0.8195    0.7548    0.3395   0.04318  0.007825         0
    96/299     2.81G   0.03849  0.008053         0   0.04655        14       640    0.5679    0.8346    0.7721    0.3357   0.04277  0.007787         0
    97/299     2.81G   0.03837  0.008034         0   0.04641        13       640    0.5276    0.8158    0.7538     0.314   0.04384   0.00794         0
    98/299     2.81G   0.03841  0.007969         0   0.04638        22       640    0.5517    0.8383     0.779    0.3319   0.04332  0.007856         0
    99/299     2.81G   0.03803    0.0081         0   0.04613        15       640    0.5409    0.8308    0.7785    0.3368   0.04312  0.007973         0
   100/299     2.81G   0.03834  0.008019         0   0.04636        17       640    0.5628    0.8308     0.785    0.3332   0.04366   0.00791         0
   101/299     2.81G   0.03835  0.008013         0   0.04637        14       640    0.5589    0.8271    0.7722    0.3383   0.04364  0.007908         0
   102/299     2.81G   0.03855  0.008084         0   0.04663        18       640    0.5513    0.8158     0.767    0.3365   0.04354  0.007843         0
   103/299     2.81G   0.03835  0.007925         0   0.04628         8       640    0.5409    0.8271    0.7552    0.3366   0.04324  0.007874         0
   104/299     2.81G   0.03832  0.008004         0   0.04633        14       640    0.5552    0.8346    0.7654    0.3344   0.04304   0.00792         0
   105/299     2.81G   0.03765  0.007993         0   0.04565        16       640     0.538    0.8308    0.7593    0.3245   0.04314  0.007875         0
   106/299     2.81G   0.03793  0.008085         0   0.04601        14       640    0.5564    0.8158     0.769    0.3291   0.04295  0.007914         0
   107/299     2.81G    0.0375  0.007823         0   0.04532        16       640    0.5611    0.8233    0.7655    0.3324   0.04345  0.007959         0
   108/299     2.81G   0.03783  0.007928         0   0.04576        15       640    0.5383    0.8008     0.756    0.3369   0.04357  0.007897         0
   109/299     2.81G   0.03783   0.00797         0    0.0458        17       640    0.5477     0.797     0.764    0.3378   0.04384  0.007842         0
   110/299     2.81G   0.03767  0.007901         0   0.04557        15       640    0.5536    0.8158    0.7789    0.3432   0.04418  0.007854         0
   111/299     2.81G   0.03737  0.007976         0   0.04534        12       640    0.5435    0.8083    0.7688    0.3399   0.04378  0.007902         0
   112/299     2.81G   0.03752   0.00796         0   0.04548        16       640    0.5552    0.8083     0.774    0.3264   0.04384  0.007887         0
   113/299     2.81G   0.03739   0.00803         0   0.04542        13       640    0.5594    0.8008    0.7568    0.3253   0.04381  0.007817         0
   114/299     2.81G   0.03703   0.00785         0   0.04488        19       640     0.538    0.8045    0.7546    0.3161   0.04386  0.007901         0
   115/299     2.81G   0.03751  0.007872         0   0.04538        16       640     0.561    0.8045    0.7524    0.3208   0.04385  0.007936         0
   116/299     2.81G   0.03735  0.007787         0   0.04514        18       640    0.5731    0.8076    0.7675    0.3287   0.04367  0.008004         0
   117/299     2.81G   0.03685  0.007876         0   0.04472        14       640    0.5575    0.8083    0.7591    0.3347   0.04335  0.007997         0
   118/299     2.81G   0.03705  0.007832         0   0.04488        11       640    0.5669    0.8158    0.7782    0.3314   0.04345  0.008008         0
   119/299     2.81G   0.03716  0.007723         0   0.04488        14       640     0.581    0.8083    0.7684    0.3298     0.044  0.007991         0
   120/299     2.81G   0.03712  0.007744         0   0.04486        21       640    0.5709    0.8195    0.7712    0.3304   0.04377  0.008036         0
   121/299     2.81G   0.03677  0.007661         0   0.04443        16       640    0.5733    0.8233      0.78    0.3323   0.04356  0.007967         0
   122/299     2.81G   0.03673  0.007718         0   0.04445        12       640    0.5715    0.8008    0.7587    0.3257   0.04379   0.00796         0
   123/299     2.81G   0.03641  0.007702         0   0.04411        16       640    0.5822     0.812    0.7676    0.3289   0.04343  0.007919         0
   124/299     2.81G   0.03682  0.007663         0   0.04448        14       640    0.5834    0.8083     0.756    0.3259   0.04322  0.007964         0
   125/299     2.81G   0.03642   0.00769         0   0.04411        17       640    0.5796    0.8158    0.7597    0.3245   0.04292  0.007986         0
   126/299     2.81G   0.03671  0.007692         0    0.0444        13       640    0.5859    0.8158      0.76    0.3317   0.04285  0.007984         0
   127/299     2.81G   0.03654  0.007616         0   0.04415        11       640     0.565    0.8195    0.7583    0.3324   0.04301  0.007945         0
   128/299     2.81G   0.03672  0.007833         0   0.04455        15       640    0.5762    0.8271     0.773    0.3373   0.04306  0.007893         0
   129/299     2.81G   0.03605  0.007717         0   0.04377        12       640    0.5733    0.8083     0.761    0.3406   0.04302  0.007877         0
   130/299     2.81G   0.03587  0.007731         0    0.0436        11       640    0.5712    0.8158    0.7592    0.3349   0.04296  0.007858         0
   131/299     2.81G   0.03623  0.007657         0   0.04389        12       640    0.5782    0.8195    0.7693    0.3329   0.04329  0.007867         0
   132/299     2.81G   0.03594    0.0077         0   0.04364        17       640    0.5844    0.8246    0.7744    0.3388   0.04334   0.00788         0
   133/299     2.81G   0.03591  0.007655         0   0.04357        25       640    0.5793    0.8195    0.7684    0.3367   0.04343  0.007896         0
   134/299     2.81G   0.03596  0.007653         0   0.04361        10       640    0.5817    0.8271      0.78    0.3387   0.04348  0.007904         0
   135/299     2.81G   0.03604  0.007585         0   0.04362        13       640    0.5942    0.8383    0.7871    0.3403   0.04332  0.007884         0
   136/299     2.81G   0.03592  0.007768         0   0.04369        14       640    0.5831    0.8233     0.769    0.3388   0.04334  0.007853         0
   137/299     2.81G    0.0354  0.007711         0   0.04311        17       640    0.5975    0.8233    0.7638     0.339   0.04345  0.007889         0
   138/299     2.81G   0.03573  0.007585         0   0.04332        11       640    0.6119    0.8346    0.7769    0.3357   0.04341  0.007883         0
   139/299     2.81G   0.03567  0.007642         0   0.04331        13       640    0.6049    0.8271    0.7717    0.3358   0.04329  0.007823         0
   140/299     2.81G   0.03581  0.007493         0    0.0433        11       640    0.6036    0.8233    0.7692    0.3405    0.0433  0.007849         0
   141/299     2.81G   0.03543  0.007583         0   0.04302        15       640    0.5828     0.812    0.7561    0.3397   0.04314  0.007807         0
   142/299     2.81G   0.03513  0.007615         0   0.04275        17       640    0.5945    0.8195    0.7637    0.3421   0.04289  0.007771         0
   143/299     2.81G   0.03505  0.007583         0   0.04263        21       640    0.5978    0.8158    0.7547    0.3411   0.04284  0.007763         0
   144/299     2.81G   0.03541  0.007557         0   0.04296        14       640    0.5922     0.812    0.7614    0.3393   0.04288   0.00778         0
   145/299     2.81G   0.03533  0.007459         0   0.04279        15       640    0.5903    0.8083    0.7524    0.3388   0.04309  0.007806         0
   146/299     2.81G    0.0352  0.007475         0   0.04267        14       640    0.6017     0.812    0.7551     0.338   0.04312  0.007836         0
   147/299     2.81G   0.03497  0.007567         0   0.04254        16       640     0.613     0.812    0.7601    0.3379   0.04296  0.007828         0
   148/299     2.81G   0.03451  0.007314         0   0.04182        10       640    0.5978    0.8008    0.7502     0.338   0.04291  0.007828         0
   149/299     2.81G   0.03494  0.007446         0   0.04238        16       640    0.6023    0.8045    0.7512    0.3354   0.04307  0.007853         0
   150/299     2.81G    0.0347   0.00756         0   0.04226        20       640    0.6067    0.8045    0.7502    0.3344   0.04308  0.007837         0
   151/299     2.81G   0.03466  0.007448         0   0.04211        18       640    0.6011     0.797    0.7479    0.3378   0.04309  0.007829         0
   152/299     2.81G   0.03483  0.007471         0    0.0423         9       640    0.6031    0.8008    0.7471    0.3347   0.04315  0.007856         0
   153/299     2.81G   0.03418  0.007225         0   0.04141        15       640    0.6029    0.8045    0.7511    0.3354   0.04322  0.007853         0
   154/299     2.81G   0.03436  0.007386         0   0.04175        14       640    0.6189    0.8158    0.7594    0.3323    0.0432  0.007852         0
   155/299     2.81G   0.03414  0.007265         0   0.04141        12       640    0.6225     0.812    0.7582    0.3329   0.04324  0.007861         0
   156/299     2.81G   0.03409  0.007386         0   0.04148        15       640    0.6271     0.812     0.761    0.3369   0.04317  0.007873         0
   157/299     2.81G   0.03428  0.007306         0   0.04159        15       640    0.6223     0.812      0.76    0.3389   0.04312  0.007869         0
   158/299     2.81G   0.03465   0.00741         0   0.04206        14       640    0.6195    0.8083    0.7569    0.3372   0.04316  0.007886         0
   159/299     2.81G   0.03417  0.007502         0   0.04168        22       640    0.6257    0.8083    0.7574    0.3328   0.04315  0.007908         0
   160/299     2.81G   0.03409  0.007292         0   0.04138        10       640    0.6199     0.812    0.7517    0.3311   0.04324  0.007893         0
   161/299     2.81G   0.03396  0.007373         0   0.04134        22       640    0.6141    0.8083    0.7478      0.33    0.0432   0.00791         0
   162/299     2.81G   0.03415  0.007209         0   0.04136        13       640    0.6132    0.8045    0.7429    0.3312   0.04328  0.007918         0
   163/299     2.81G   0.03395  0.007225         0   0.04118        11       640    0.6153    0.8045    0.7453    0.3316   0.04321  0.007914         0
   164/299     2.81G   0.03377  0.007221         0   0.04099        12       640     0.621     0.812     0.754    0.3324   0.04319  0.007907         0
   165/299     2.81G   0.03425   0.00732         0   0.04158        16       640    0.6122     0.812     0.751    0.3293   0.04322  0.007891         0
   166/299     2.81G   0.03381  0.007315         0   0.04112        15       640    0.6135    0.8158    0.7567    0.3335   0.04321  0.007881         0
   167/299     2.81G    0.0333   0.00734         0   0.04064        14       640    0.6058    0.8195    0.7567    0.3349   0.04324  0.007879         0
   168/299     2.81G   0.03373   0.00723         0   0.04096        17       640    0.6119    0.8158    0.7565    0.3365   0.04322  0.007856         0
   169/299     2.81G   0.03351  0.007192         0    0.0407        10       640    0.5987    0.8083    0.7506    0.3331   0.04328  0.007852         0
   170/299     2.81G   0.03314   0.00723         0   0.04037        15       640    0.6021    0.8008    0.7453    0.3303    0.0433  0.007856         0
   171/299     2.81G   0.03344  0.007145         0   0.04058        11       640    0.6118    0.8158    0.7579    0.3302   0.04332  0.007866         0
   172/299     2.81G   0.03348  0.007327         0    0.0408        17       640    0.6259    0.8195    0.7616    0.3313   0.04328  0.007858         0
   173/299     2.81G   0.03355  0.007236         0   0.04079        17       640    0.6335    0.8271    0.7794     0.336   0.04325  0.007854         0
   174/299     2.81G   0.03262  0.007091         0   0.03971        15       640    0.6372    0.8271    0.7833     0.339   0.04322  0.007858         0
   175/299     2.81G   0.03307  0.007103         0   0.04018        17       640    0.6387    0.8233    0.7815    0.3375   0.04323  0.007856         0
   176/299     2.81G    0.0328  0.007305         0    0.0401        18       640    0.6353    0.8233    0.7808    0.3356   0.04326  0.007851         0
   177/299     2.81G    0.0328  0.007238         0   0.04004        17       640     0.633    0.8308    0.7897    0.3362   0.04328  0.007845         0
   178/299     2.81G   0.03286  0.007114         0   0.03997        17       640    0.6335    0.8308    0.7847    0.3346   0.04332  0.007846         0
   179/299     2.81G   0.03288  0.007032         0   0.03991        17       640    0.6211    0.8233    0.7808    0.3341   0.04333  0.007844         0
   180/299     2.81G   0.03284   0.00722         0   0.04006        11       640    0.6187    0.8195    0.7799    0.3347    0.0433  0.007835         0
   181/299     2.81G    0.0325  0.007044         0   0.03955        17       640    0.6294    0.8195      0.78    0.3336    0.0433  0.007836         0
   182/299     2.81G   0.03258  0.007055         0   0.03963         8       640    0.6145     0.812    0.7781    0.3358   0.04328  0.007841         0
   183/299     2.81G   0.03256  0.007093         0   0.03965        11       640    0.6186    0.8158    0.7793    0.3348   0.04324  0.007845         0
   184/299     2.81G   0.03245  0.007144         0   0.03959        14       640    0.6207    0.8158    0.7777    0.3354   0.04324  0.007865         0
   185/299     2.81G   0.03235   0.00718         0   0.03953        12       640    0.6128     0.812    0.7747     0.335   0.04321   0.00787         0
   186/299     2.81G   0.03225  0.006953         0   0.03921        16       640    0.6113     0.812    0.7752    0.3352   0.04318  0.007875         0
   187/299     2.81G   0.03255  0.007059         0   0.03961        10       640    0.6113    0.8083     0.769    0.3362   0.04319  0.007877         0
   188/299     2.81G    0.0325  0.007028         0   0.03953        13       640    0.6058    0.8045    0.7699    0.3351    0.0432  0.007872         0
   189/299     2.81G   0.03225  0.006968         0   0.03922        14       640    0.6138    0.8008    0.7647    0.3338   0.04319  0.007874         0
   190/299     2.81G   0.03201  0.006988         0     0.039        22       640    0.6233    0.8008    0.7649    0.3363   0.04317  0.007881         0
   191/299     2.81G   0.03213  0.007034         0   0.03917        15       640    0.6319    0.8008    0.7648    0.3353   0.04316  0.007888         0
   192/299     2.81G    0.0321  0.007131         0   0.03924        14       640    0.6254    0.8008    0.7639    0.3386   0.04315  0.007889         0
   193/299     2.81G   0.03221  0.006988         0    0.0392        14       640    0.6261     0.797    0.7635    0.3365   0.04316  0.007896         0
   194/299     2.81G   0.03212  0.007053         0   0.03918        13       640     0.621    0.8008    0.7692    0.3367   0.04317  0.007906         0
   195/299     2.81G   0.03172  0.006977         0    0.0387        15       640    0.6242    0.8008    0.7741    0.3371   0.04322  0.007915         0
   196/299     2.81G   0.03146  0.006906         0   0.03837        18       640    0.6266    0.8045    0.7754    0.3355   0.04327  0.007924         0
   197/299     2.81G   0.03146  0.006959         0   0.03842        16       640    0.6246    0.8045    0.7758    0.3354   0.04327  0.007926         0
   198/299     2.81G   0.03148  0.006778         0   0.03826        14       640    0.6278    0.8008     0.772    0.3367   0.04325  0.007929         0
   199/299     2.81G   0.03163  0.006865         0   0.03849        13       640    0.6333    0.8045    0.7754    0.3379   0.04327   0.00793         0
   200/299     2.81G   0.03162  0.006847         0   0.03847        12       640    0.6319    0.8008    0.7713    0.3371   0.04325   0.00793         0
   201/299     2.81G   0.03148  0.006932         0   0.03842        15       640    0.6292    0.8008    0.7718    0.3381   0.04326  0.007925         0
   202/299     2.81G   0.03085  0.006763         0   0.03761        11       640    0.6324    0.8008    0.7694    0.3376   0.04326  0.007929         0
   203/299     2.81G   0.03138  0.006951         0   0.03834        12       640    0.6311    0.8008      0.77    0.3382   0.04325  0.007932         0
   204/299     2.81G   0.03148  0.006773         0   0.03825        16       640     0.629    0.8008    0.7691    0.3384   0.04326  0.007931         0
   205/299     2.81G   0.03097  0.006834         0   0.03781        19       640    0.6273    0.8008    0.7674    0.3398   0.04324  0.007931         0
   206/299     2.81G   0.03122  0.006707         0   0.03793         9       640    0.6281    0.8008    0.7687    0.3381   0.04323  0.007934         0
   207/299     2.81G   0.03102  0.006847         0   0.03787        11       640    0.6263     0.797    0.7661    0.3422   0.04322  0.007939         0
   208/299     2.81G   0.03083  0.006683         0   0.03751        16       640    0.6295    0.8008    0.7679    0.3417   0.04322  0.007941         0
   209/299     2.81G   0.03068  0.006792         0   0.03747        13       640      0.63    0.8008     0.768    0.3413   0.04323  0.007941         0
   210/299     2.81G   0.03084  0.006754         0    0.0376        16       640    0.6316     0.797     0.766    0.3415   0.04322  0.007939         0
   211/299     2.81G   0.03091  0.006695         0    0.0376        14       640     0.636    0.8008    0.7706    0.3419    0.0432  0.007936         0
   212/299     2.81G   0.03118  0.006801         0   0.03798        15       640    0.6331    0.8008    0.7709    0.3425    0.0432  0.007936         0
   213/299     2.81G   0.03046   0.00674         0    0.0372         8       640    0.6352    0.8008    0.7727    0.3432   0.04319  0.007936         0
   214/299     2.81G   0.03038  0.006613         0   0.03699        16       640    0.6375    0.8045    0.7746    0.3425   0.04316  0.007937         0
   215/299     2.81G   0.03043   0.00666         0   0.03709        12       640    0.6411    0.8045    0.7737     0.343   0.04314  0.007937         0
   216/299     2.81G   0.03037  0.006662         0   0.03704        13       640    0.6375    0.8008    0.7684    0.3425   0.04311  0.007939         0
   217/299     2.81G   0.03061  0.006661         0   0.03727        13       640    0.6482    0.8036    0.7689     0.343    0.0431  0.007939         0
   218/299     2.81G   0.03011  0.006626         0   0.03674        15       640    0.6426    0.8045    0.7676    0.3437   0.04309   0.00794         0
   219/299     2.81G   0.03033  0.006646         0   0.03698        12       640    0.6432    0.8045     0.767    0.3435   0.04307  0.007941         0
   220/299     2.81G   0.03043  0.006694         0   0.03712        19       640    0.6411    0.8045    0.7687    0.3437   0.04306  0.007943         0
   221/299     2.81G   0.02997   0.00675         0   0.03672        14       640    0.6412    0.8045    0.7679    0.3438   0.04305  0.007946         0
   222/299     2.81G   0.02993  0.006666         0    0.0366        23       640    0.6395    0.8045    0.7671    0.3441   0.04306  0.007951         0
   223/299     2.81G   0.02984   0.00666         0    0.0365        11       640    0.6362    0.8045    0.7669    0.3435   0.04306  0.007953         0
   224/299     2.81G   0.02972  0.006591         0   0.03631        19       640    0.6339    0.8008    0.7648    0.3434   0.04305  0.007954         0
   225/299     2.81G   0.03009  0.006643         0   0.03673        14       640    0.6392    0.8045     0.769    0.3446   0.04305  0.007953         0
